Matrix:
5 2 3 1 0
4 1 2 3 -1
1 1 1 -2 1
3 4 1 2 2	

MinGW GCC:
4
5 2 3 1 0
4 1 2 3 -1
1 1 1 -2 1
3 4 1 2 2

-235652656458902865790073530299539221036880600000000000000000000000000000000000000000000000000000000000000000000000000000000000000000000000000000000000000000000000000000000000000000000000000000000000000000000000000000000000000000000000000000000000000000000000000000000000000000000000000000000000000000000.000000
-1085991994732009757366750931059976592528011000000000000000000000000000000000000000000000000000000000000000000000000000000000000000000000000000000000000000000000000000000000000000000000000000000000000000000000000000000000000000000000000000000000000000000000000000000000000000000000000000000000000000000000000.000000
-0.000239
-2395564774169880673381475910827265695916786000000000000000000000000000000000000000000000000000000000000000000000000000000000000000000000000000000000000000000000000000000000000000000000000000000000000000000000000000000000000000000000000000000000000000000000000000000000000000000000000000000000000000000.000000

Microsoft CL:
4
5 2 3 1 0
4 1 2 3 -1
1 1 1 -2 1
3 4 1 2 2

984.412317
-251.928540
-742.961273
3.795943